X = randn(4,4); % Create a 4x4 random data matrix
[U,S,V] = svd(X) % Singular Value Decomposition

U =

   -0.6423    0.5872   -0.2741    0.4093
   -0.0768   -0.5779    0.1377    0.8007
    0.3480    0.5209    0.7256    0.2846
    0.6786    0.2232   -0.6159    0.3322


S =

    2.9026         0         0         0
         0    2.0591         0         0
         0         0    1.1289         0
         0         0         0    0.8587


V =

    0.0707   -0.3175    0.4051   -0.8544
   -0.5735    0.5259   -0.4377   -0.4505
    0.5898   -0.1844   -0.7494   -0.2380
    0.5642    0.7672    0.2876   -0.1020

X = rand(6, 4); % Generate a random 6x4 matrix
[Uhat, Shat, V] = svd(X, "econ"); % Compute the economy-sized SVD of the matrix X
% Display the matrices
disp("Uhat:");
disp(Uhat);

disp("Shat:");
disp(Shat);

disp("V:");
disp(V);
Uhat:
   -0.5811    0.2239    0.0774    0.0224
   -0.5021    0.2199   -0.7202   -0.2220
   -0.2620    0.2085    0.3137    0.0828
   -0.3296   -0.0259    0.5695   -0.6076
   -0.4046   -0.8851   -0.0323    0.2113
   -0.2631    0.2719    0.2271    0.7277

Shat:
    2.1587         0         0         0
         0    0.6925         0         0
         0         0    0.4608         0
         0         0         0    0.1548

V:
   -0.3812   -0.4179    0.6684    0.4831
   -0.4670    0.2290   -0.5778    0.6290
   -0.4364   -0.6981   -0.3815   -0.4203
   -0.6679    0.5345    0.2718   -0.4408

